# num_steps: 3500; batch_size: 711; validation_step: 35; KP: 0.5
# random seed: 247562
# step valid-loss valid-acc. train-loss train-acc
34 3.2425034046173096 0.24036280810832977 3.167646646499634 0.2524210512638092
69 2.465468168258667 0.4244897961616516 2.2968802452087402 0.4660191237926483
104 1.7665215730667114 0.5761904716491699 1.522809624671936 0.6436104774475098
139 1.340430498123169 0.6693877577781677 1.060196876525879 0.7446765899658203
174 1.076580286026001 0.7306122183799744 0.7831307649612427 0.8165464401245117
209 0.9090241193771362 0.7678004503250122 0.6071239709854126 0.8577545285224915
244 0.7867003083229065 0.7922902703285217 0.4759114384651184 0.8881864547729492
279 0.6947184801101685 0.8063492178916931 0.383836954832077 0.9088191986083984
314 0.6374558806419373 0.8190476298332214 0.3195922076702118 0.9248541593551636
349 0.5730639100074768 0.8346938490867615 0.26839256286621094 0.9395384788513184
384 0.5272213816642761 0.8503401279449463 0.23528070747852325 0.94913649559021
419 0.4833080470561981 0.8605442047119141 0.1979200392961502 0.9547975659370422
454 0.46347901225090027 0.8680272102355957 0.17366789281368256 0.9617517590522766
489 0.43148568272590637 0.878911554813385 0.15621721744537354 0.9646254181861877
524 0.3917883336544037 0.8845804929733276 0.1407545506954193 0.9682174921035767
559 0.3753228485584259 0.8913832306861877 0.12489728629589081 0.9729015231132507
594 0.3621666431427002 0.8947845697402954 0.1138535588979721 0.976062536239624
629 0.3561210632324219 0.8936507701873779 0.10247549414634705 0.9764935970306396
664 0.3505934178829193 0.8961451053619385 0.09259653836488724 0.9799706935882568
699 0.33213838934898376 0.8979591727256775 0.0854334682226181 0.9807178378105164
734 0.3166603744029999 0.9056689143180847 0.07836002111434937 0.9839363098144531
769 0.3009040653705597 0.9099773168563843 0.07025574147701263 0.9858903884887695
804 0.29628679156303406 0.9117913842201233 0.06701879948377609 0.986838698387146
839 0.28594857454299927 0.9147392511367798 0.06006629019975662 0.9869824051856995
874 0.28733858466148376 0.9160997867584229 0.05520704388618469 0.9884766936302185
909 0.27766817808151245 0.9181405901908875 0.05508391559123993 0.9895973801612854
944 0.2779023051261902 0.9156462550163269 0.050845712423324585 0.9897698163986206
979 0.2837670147418976 0.91700679063797 0.04541685804724693 0.9907468557357788
1014 0.2615015208721161 0.922448992729187 0.04195217788219452 0.991034209728241
1049 0.25520774722099304 0.9260770678520203 0.04142693802714348 0.9922124147415161
1084 0.2396104633808136 0.9297052025794983 0.036290835589170456 0.9927871227264404
1119 0.267997682094574 0.9229024648666382 0.03412956744432449 0.9930170178413391
1154 0.2534809410572052 0.9326530694961548 0.031968001276254654 0.9936205148696899
1189 0.24383728206157684 0.9294784665107727 0.030645811930298805 0.9939653277397156
1224 0.24057334661483765 0.9331066012382507 0.02883194573223591 0.9945975542068481
1259 0.2422046661376953 0.9306122660636902 0.026546580716967583 0.9948274493217468
1294 0.23200207948684692 0.934920608997345 0.024949390441179276 0.9949710965156555
1329 0.23162591457366943 0.934920608997345 0.024334527552127838 0.9956320524215698
1364 0.23306375741958618 0.9308390021324158 0.023738933727145195 0.9956320524215698
1399 0.23353132605552673 0.9358276724815369 0.02097412385046482 0.9962930083274841
1434 0.22942566871643066 0.9342403411865234 0.02055802009999752 0.9965516328811646
1469 0.2233101725578308 0.936734676361084 0.017927279695868492 0.9968677163124084
1504 0.22518174350261688 0.936734676361084 0.017385145649313927 0.9971550703048706
1539 0.24504031240940094 0.9319728016853333 0.016703009605407715 0.9969539642333984
1574 0.22702865302562714 0.936734676361084 0.017167605459690094 0.997413694858551
1609 0.22203786671161652 0.9376417398452759 0.014986171387135983 0.9973275065422058
1644 0.2409689873456955 0.9342403411865234 0.015160586684942245 0.9970976114273071
1679 0.24927900731563568 0.9365079402923584 0.014137527905404568 0.9972700476646423
1714 0.23446343839168549 0.938095211982727 0.012349279597401619 0.9981033802032471
1749 0.20810899138450623 0.9401360750198364 0.01207899209111929 0.9980171918869019
1784 0.19878265261650085 0.9453514814376831 0.012154498137533665 0.998304545879364
1819 0.21421489119529724 0.9410430788993835 0.01107166800647974 0.9983620047569275
1854 0.22997644543647766 0.9394558072090149 0.011197008192539215 0.998304545879364
1889 0.22303754091262817 0.9401360750198364 0.009721478447318077 0.9985344409942627
1924 0.21753013134002686 0.942176878452301 0.008966322056949139 0.9987068772315979
1959 0.21625123918056488 0.9433106780052185 0.009419913403689861 0.9988505244255066
1994 0.22271445393562317 0.9446712136268616 0.008425065316259861 0.9989080429077148
2029 0.23205746710300446 0.9383220076560974 0.007528557442128658 0.999109148979187
2064 0.21556812524795532 0.9435374140739441 0.007674591615796089 0.9987930655479431
2099 0.21928255259990692 0.9446712136268616 0.006974384654313326 0.9989655017852783
2134 0.20590732991695404 0.9494330883026123 0.0068566580303013325 0.9989655017852783
2169 0.19758236408233643 0.9482993483543396 0.006428298074752092 0.9993390440940857
2204 0.20634210109710693 0.9455782175064087 0.0061491806991398335 0.999195396900177
2239 0.19953665137290955 0.9485260844230652 0.005704998504370451 0.999195396900177
2274 0.2294093817472458 0.9405895471572876 0.006036373786628246 0.999310314655304
2309 0.1968671977519989 0.9485260844230652 0.005194422788918018 0.9993390440940857
2344 0.21763969957828522 0.9444444179534912 0.004851431120187044 0.999396562576294
2379 0.24158063530921936 0.9476190209388733 0.00487856101244688 0.9993677735328674
2414 0.21549594402313232 0.9469387531280518 0.00478568347170949 0.999396562576294
2449 0.21317164599895477 0.9471655488014221 0.004362477920949459 0.9993390440940857
2484 0.20265533030033112 0.9478458166122437 0.004875528626143932 0.9994540214538574
2519 0.19774706661701202 0.9476190209388733 0.0039021905977278948 0.9994540214538574
2554 0.20501767098903656 0.9487528204917908 0.0037147055845707655 0.9995402097702026
2589 0.19987531006336212 0.9505668878555298 0.003414484206587076 0.9995402097702026
2624 0.20890392363071442 0.9487528204917908 0.003182065673172474 0.9997126460075378
2659 0.1950361728668213 0.9492063522338867 0.0030322601087391376 0.9996551871299744
2694 0.19125939905643463 0.9510204195976257 0.004167101811617613 0.9995114803314209
2729 0.21645942330360413 0.9428571462631226 0.003028658451512456 0.9996839165687561
2764 0.20839206874370575 0.9482993483543396 0.0028587302658706903 0.9995402097702026
2799 0.2040756493806839 0.9494330883026123 0.0028690705075860023 0.9997126460075378
2834 0.22329677641391754 0.9460317492485046 0.002749589504674077 0.9997126460075378
2869 0.1920100599527359 0.9489796161651611 0.002614579861983657 0.9996839165687561
2904 0.23376725614070892 0.9462584853172302 0.0022235058713704348 0.9996839165687561
2939 0.23965784907341003 0.9435374140739441 0.0023163140285760164 0.999885082244873
2974 0.2135961949825287 0.9498866200447083 0.002301915781572461 0.9996839165687561
3009 0.22056622803211212 0.9469387531280518 0.0024374634958803654 0.9997988343238831
3044 0.18254010379314423 0.9551020264625549 0.002240594243630767 0.9997701048851013
3079 0.18696126341819763 0.9535147547721863 0.002538546221330762 0.999885082244873
3114 0.19500452280044556 0.9517006874084473 0.002293155062943697 0.9997988343238831
3149 0.19358806312084198 0.9523809552192688 0.002118476200848818 0.9997988343238831
3184 0.19993126392364502 0.9519274234771729 0.001984611852094531 0.9999425411224365
3219 0.19157524406909943 0.9510204195976257 0.0017366475658491254 0.9999138116836548
3254 0.2145143449306488 0.9498866200447083 0.001637945999391377 0.9999138116836548
3289 0.22396501898765564 0.945805013179779 0.0017344646621495485 0.999885082244873
3324 0.21478533744812012 0.9489796161651611 0.0016499834600836039 0.9999425411224365
3359 0.2100616693496704 0.9519274234771729 0.0015099573647603393 0.999885082244873
3394 0.20888696610927582 0.9528344869613647 0.0014753203140571713 0.9998562932014465
3429 0.2037445455789566 0.9532879590988159 0.0015746877761557698 0.9999425411224365
3464 0.2331644892692566 0.9496598839759827 0.0012298042420297861 0.9999712705612183
3499 0.18647940456867218 0.9535147547721863 0.0012481348821893334 0.9999712705612183
3499 0.18647940456867218 0.9535147547721863 0.0012481348821893334 0.9999712705612183
# [test-set] 0.3148319721221924 0.9409343004226685
